#max keymap_count
256
#keymap_count
37
#keymap 0:
128
61952
61467
61489
61490
61491
61492
61493
61494
61495
61496
61497
61488
61485
61501
61567
61449
64369
64375
64357
64370
64372
64377
64373
64361
64367
64368
61531
61533
61953
63234
64353
64371
64356
64358
64359
64360
64362
64363
64364
61499
61479
61536
63232
61532
64378
64376
64355
64374
64354
64366
64365
61484
61486
61487
63232
62220
63235
61472
61959
61696
61697
61698
61699
61700
61701
61702
61703
61704
61705
61960
61961
62215
62216
62217
62219
62212
62213
62214
62218
62209
62210
62211
62208
62224
61958
61952
61500
61706
61707
61952
61952
61952
61952
61952
61952
61952
62222
64007
62221
61468
64006
61957
61716
62979
61720
62977
62978
61719
62976
61721
61717
61718
61722
61708
61709
61723
61724
61712
62225
61725
61952
61952
61952
61952
61952
61952
61952
61952
#keymap 1:
128
61952
61467
61473
61504
61475
61476
61477
61534
61478
61482
61480
61481
61535
61483
61567
61449
64337
64343
64325
64338
64340
64345
64341
64329
64335
64336
61563
61565
61953
63234
64321
64339
64324
64326
64327
64328
64330
64331
64332
61498
61474
61566
63232
61564
64346
64344
64323
64342
64322
64334
64333
61500
61502
61503
63232
62220
63235
61472
61959
61708
61709
61710
61711
61712
61713
61714
61715
61726
61727
61960
61955
62215
62216
62217
62219
62212
62213
62214
62218
62209
62210
62211
62208
62224
61958
61952
61502
61728
61729
61952
61952
61952
61952
61952
61952
61952
62222
64007
62221
61468
64006
61957
61716
62979
61963
62977
62978
61719
62976
61962
61717
61718
61722
61708
61709
61723
61724
61712
62225
61725
61952
61952
61952
61952
61952
61952
61952
61952
#keymap 2:
128
61952
61952
61952
61504
61952
61476
61952
61952
61563
61531
61533
61565
61532
61952
61952
61952
64369
64375
64357
64370
64372
64377
64373
64361
64367
64368
61952
61566
61953
63234
64353
64371
64356
64358
64359
64360
64362
64363
64364
61952
61952
61952
63232
61952
64378
64376
64355
64374
64354
64366
64365
61952
61952
61952
63232
62220
63235
61952
61959
62732
62733
62734
62735
62736
62737
62738
62739
62740
62741
61960
61954
62215
62216
62217
62219
62212
62213
62214
62218
62209
62210
62211
62208
62224
61958
61952
61564
62742
62743
61952
61952
61952
61952
61952
61952
61952
62222
64007
62221
61468
64006
61957
61716
62979
61720
62977
62978
61719
62976
61721
61717
61718
61722
61708
61709
61723
61724
61712
62225
61725
61952
61952
61952
61952
61952
61952
61952
61952
#keymap 3:
0
#keymap 4:
128
61952
61952
61952
61440
61467
61468
61469
61470
61471
61567
61952
61952
61471
61952
61448
61952
61457
61463
61445
61458
61460
61465
61461
61449
61455
61456
61467
61469
61953
63234
61441
61459
61444
61446
61447
61448
61450
61451
61452
61952
61447
61440
63232
61468
61466
61464
61443
61462
61442
61454
61453
61952
61966
61567
63232
62220
63235
61440
61959
61730
61731
61732
61733
61734
61735
61736
61737
61738
61739
61960
61956
62215
62216
62217
62219
62212
62213
62214
62218
62209
62210
62211
62208
62224
61958
61952
61952
61740
61741
61952
61952
61952
61952
61952
61952
61952
62222
64007
62221
61468
64006
61957
61716
62979
61720
62977
62978
61719
62976
61721
61717
61718
61722
61708
61709
61723
61724
61712
62225
61725
61952
61952
61952
61952
61952
61952
61952
61952
#keymap 5:
128
61952
61952
61952
61440
61952
61952
61952
61952
61952
61952
61952
61952
61471
61952
61952
61952
61457
61463
61445
61458
61460
61465
61461
61449
61455
61456
61952
61952
61953
63234
61441
61459
61444
61446
61447
61448
61450
61451
61452
61952
61952
61952
63232
61952
61466
61464
61443
61462
61442
61454
61453
61952
61952
61567
63232
62220
63235
61952
61959
61742
61743
61744
61745
61746
61747
61748
61749
61750
61751
61960
61952
62215
62216
62217
62219
62212
62213
62214
62218
62209
62210
62211
62208
62224
61958
61952
61952
61752
61753
61952
61952
61952
61952
61952
61952
61952
62222
64007
62221
61468
64006
61957
61716
62979
61720
62977
62978
61719
62976
61721
61717
61718
61722
61708
61709
61723
61724
61712
62225
61725
61952
61952
61952
61952
61952
61952
61952
61952
#keymap 6:
128
61952
61952
61952
61952
61952
61952
61952
61952
61952
61952
61952
61952
61952
61952
61952
61952
61457
61463
61445
61458
61460
61465
61461
61449
61455
61456
61952
61952
61953
63234
61441
61459
61444
61446
61447
61448
61450
61451
61452
61952
61952
61952
63232
61952
61466
61464
61443
61462
61442
61454
61453
61952
61952
61952
63232
62220
63235
61952
61959
61952
61952
61952
61952
61952
61952
61952
61952
61952
61952
61960
61952
62215
62216
62217
62219
62212
62213
62214
62218
62209
62210
62211
62208
61964
61958
61952
61952
61952
61952
61952
61952
61952
61952
61952
61952
61952
62222
64007
62221
61468
64006
61957
61716
62979
61720
62977
62978
61719
62976
61721
61717
61964
61722
61708
61709
61723
61724
61712
62225
61725
61952
61952
61952
61952
61952
61952
61952
61952
#keymap 7:
0
#keymap 8:
128
61952
63515
63537
63538
63539
63540
63541
63542
63543
63544
63545
63529
63533
63549
63615
63497
63601
63607
63589
63602
63604
63609
63605
63593
63599
63600
63579
63581
63501
63234
63585
63603
63588
63590
63591
63592
63594
63595
63596
63547
63527
63584
63232
63580
63610
63608
63587
63606
63586
63598
63597
63532
63534
63535
63232
62220
63235
63520
61959
62720
62721
62722
62723
62724
62725
62726
62727
62728
62729
61960
61961
63751
63752
63753
62219
63748
63749
63750
62218
63745
63746
63747
63744
62224
61958
61952
63548
62730
62731
61952
61952
61952
61952
61952
61952
61952
62222
64007
62221
61468
64006
61957
61716
62979
61720
61968
61969
61719
62976
61721
61717
61718
61722
61708
61709
61723
61724
61712
62225
61725
61952
61952
61952
61952
61952
61952
61952
61952
#keymap 9:
128
61952
61952
63521
63552
63523
63524
63525
63582
63526
63530
63528
61952
63583
63531
61952
61952
63569
63575
63557
63570
63572
63577
63573
63561
63567
63568
63611
63613
61953
63234
63553
63571
63556
63558
63559
63560
63562
63563
63564
63546
63522
63614
63232
63612
63578
63576
63555
63574
63554
63566
63565
63548
63550
61952
63232
62220
63235
61952
61959
61952
61952
61952
61952
61952
61952
61952
61952
61952
61952
61960
61952
62215
62216
62217
62219
62212
62213
62214
62218
62209
62210
62211
62208
62224
61958
61952
61952
61952
61952
61952
61952
61952
61952
61952
61952
61952
62222
64007
62221
61468
64006
61957
61716
62979
61720
62977
62978
61719
62976
61721
61717
61718
61722
61708
61709
61723
61724
61712
62225
61725
61952
61952
61952
61952
61952
61952
61952
61952
#keymap 10:
0
#keymap 11:
0
#keymap 12:
128
61952
61952
61952
61952
61952
61952
61952
61952
61952
61952
61952
61952
61952
61952
61952
61952
63505
63511
63493
63506
63508
63513
63509
63497
63503
63504
61952
61952
61953
63234
63489
63507
63492
63494
63495
63496
63498
63499
63500
61952
61952
61952
63232
63516
63514
63512
63491
63510
63490
63502
63501
61952
61952
61952
63232
62220
63235
61952
61959
62720
62721
62722
62723
62724
62725
62726
62727
62728
62729
61960
61952
62215
62216
62217
62219
62212
62213
62214
62218
62209
62210
62211
62208
61964
61958
61952
61952
62730
62731
61952
61952
61952
61952
61952
61952
61952
62222
64007
62221
61468
64006
61957
61716
62979
61720
62977
62978
61719
62976
61721
61717
61964
61722
61708
61709
61723
61724
61712
62225
61725
61952
61952
61952
61952
61952
61952
61952
61952
#keymap 13:
128
61952
61952
61952
61952
61952
61952
61952
61952
61952
61952
61952
61952
61952
61952
61952
61952
63505
63511
63493
63506
63508
63513
63509
63497
63503
63504
61952
61952
61953
63234
63489
63507
63492
63494
63495
63496
63498
63499
63500
61952
61952
61952
63232
63516
63514
63512
63491
63510
63490
63502
63501
61952
61952
61952
63232
62220
63235
61952
61959
61952
61952
61952
61952
61952
61952
61952
61952
61952
61952
61960
61952
62215
62216
62217
62219
62212
62213
62214
62218
62209
62210
62211
62208
62224
61958
61952
61952
61952
61952
61952
61952
61952
61952
61952
61952
61952
62222
64007
62221
61468
64006
61957
61716
62979
61720
62977
62978
61719
62976
61721
61717
61718
61722
61708
61709
61723
61724
61712
62225
61725
61952
61952
61952
61952
61952
61952
61952
61952
#keymap 14:
0
#keymap 15:
0
#keymap 16:
0
#keymap 17:
0
#keymap 18:
0
#keymap 19:
0
#keymap 20:
0
#keymap 21:
0
#keymap 22:
0
#keymap 23:
0
#keymap 24:
0
#keymap 25:
0
#keymap 26:
0
#keymap 27:
0
#keymap 28:
0
#keymap 29:
0
#keymap 30:
0
#keymap 31:
0
#keymap 32:
0
#keymap 33:
0
#keymap 34:
0
#keymap 35:
0
#keymap 36:
0
#keymap 37:
0
#keymap 38:
0
#keymap 39:
0
#keymap 40:
0
#keymap 41:
0
#keymap 42:
0
#keymap 43:
0
#keymap 44:
0
#keymap 45:
0
#keymap 46:
0
#keymap 47:
0
#keymap 48:
0
#keymap 49:
0
#keymap 50:
0
#keymap 51:
0
#keymap 52:
0
#keymap 53:
0
#keymap 54:
0
#keymap 55:
0
#keymap 56:
0
#keymap 57:
0
#keymap 58:
0
#keymap 59:
0
#keymap 60:
0
#keymap 61:
0
#keymap 62:
0
#keymap 63:
0
#keymap 64:
128
61952
61467
61489
61490
61491
61492
61493
61494
61495
61496
61497
61488
61485
61501
61567
61449
64458
64451
64469
64459
64453
64462
64455
64475
64477
64474
64456
64429
61953
63234
64454
64457
64471
64449
64464
64466
64463
64460
64452
64470
64420
61479
63232
61532
64465
64478
64467
64461
64422
64468
64472
64450
64448
64423
63232
62220
63235
61472
61959
61696
61697
61698
61699
61700
61701
61702
61703
61704
61705
61960
61952
62215
62216
62217
62219
62212
62213
62214
62218
62209
62210
62211
62208
62224
61958
61952
61952
61706
61707
61952
61952
61952
61952
61952
61952
61952
62222
64007
62221
61468
64006
61957
61716
62979
61720
62977
62978
61719
62976
61721
61717
61718
61722
61708
61709
61723
61724
61712
62225
61725
61952
61952
61952
61952
61952
61952
61952
61952
#keymap 65:
128
61952
61467
61473
61474
61475
61499
61498
61484
61486
61482
61480
61481
61535
61483
61567
61449
64490
64483
64501
64491
64485
64494
64487
64507
64509
64506
64488
64445
61953
63234
64486
64489
64503
64481
64496
64498
64495
64492
64484
64502
64436
61503
63232
61564
64497
64510
64499
64493
64438
64500
64504
64482
64480
64439
63232
62220
63235
61472
61959
61708
61709
61710
61711
61712
61713
61714
61715
61726
61727
61960
61952
62215
62216
62217
62219
62212
62213
62214
62218
62209
62210
62211
62208
62224
61958
61952
61952
61728
61729
61952
61952
61952
61952
61952
61952
61952
62222
64007
62221
61468
64006
61957
61716
62979
61720
62977
62978
61719
62976
61721
61717
61718
61722
61708
61709
61723
61724
61712
62225
61725
61952
61952
61952
61952
61952
61952
61952
61952
#keymap 66:
128
61952
61952
61952
61952
61952
61952
61952
61952
61952
61952
61952
61952
61952
61952
61952
61952
64369
64375
64357
64370
64372
64377
64373
64361
64367
64368
61952
61952
61953
63234
64353
64371
64356
64358
64359
64360
64362
64363
64364
61952
61952
61952
63232
61952
64378
64376
64355
64374
64354
64366
64365
61952
61952
61952
63232
62220
63235
61952
61959
62732
62733
62734
62735
62736
62737
62738
62739
62740
62741
61960
61952
62215
62216
62217
62219
62212
62213
62214
62218
62209
62210
62211
62208
62224
61958
61952
61952
62742
62743
61952
61952
61952
61952
61952
61952
61952
62222
64007
62221
61468
64006
61957
61716
62979
61720
62977
62978
61719
62976
61721
61717
61718
61722
61708
61709
61723
61724
61712
62225
61725
61952
61952
61952
61952
61952
61952
61952
61952
#keymap 67:
0
#keymap 68:
128
61952
61952
61952
61440
61467
61468
61469
61470
61471
61567
61952
61952
61471
61952
61448
61952
61457
61463
61445
61458
61460
61465
61461
61449
61455
61456
61467
61469
61953
63234
61441
61459
61444
61446
61447
61448
61450
61451
61452
61952
61447
61440
63232
61468
61466
61464
61443
61462
61442
61454
61453
61952
61952
61952
63232
62220
63235
61440
61959
61730
61731
61732
61733
61734
61735
61736
61737
61738
61739
61960
61952
62215
62216
62217
62219
62212
62213
62214
62218
62209
62210
62211
62208
62224
61958
61952
61952
61740
61741
61952
61952
61952
61952
61952
61952
61952
62222
64007
62221
61468
64006
61957
61716
62979
61720
62977
62978
61719
62976
61721
61717
61718
61722
61708
61709
61723
61724
61712
62225
61725
61952
61952
61952
61952
61952
61952
61952
61952
#keymap 69:
128
61952
61952
61952
61440
61467
61468
61469
61470
61471
61567
61952
61952
61471
61952
61448
61952
61457
61463
61445
61458
61460
61465
61461
61449
61455
61456
61467
61469
61953
63234
61441
61459
61444
61446
61447
61448
61450
61451
61452
61952
61447
61440
63232
61468
61466
61464
61443
61462
61442
61454
61453
61952
61952
61952
63232
62220
63235
61440
61959
61742
61743
61744
61745
61746
61747
61748
61749
61750
61751
61960
61952
62215
62216
62217
62219
62212
62213
62214
62218
62209
62210
62211
62208
62224
61958
61952
61952
61752
61753
61952
61952
61952
61952
61952
61952
61952
62222
64007
62221
61468
64006
61957
61716
62979
61720
62977
62978
61719
62976
61721
61717
61718
61722
61708
61709
61723
61724
61712
62225
61725
61952
61952
61952
61952
61952
61952
61952
61952
#keymap 70:
0
#keymap 71:
0
#keymap 72:
128
61952
63515
63537
63538
63539
63540
63541
63542
63543
63544
63545
63536
63533
63549
63615
63497
63601
63607
63589
63602
63604
63609
63605
63593
63599
63600
63579
63581
61953
63234
63585
63603
63588
63590
63591
63592
63594
63595
63596
63547
63527
63584
63232
63580
63610
63608
63587
63606
63586
63598
63597
63532
63534
63535
63232
62220
63235
63520
61959
62720
62721
62722
62723
62724
62725
62726
62727
62728
62729
61960
61952
62215
62216
62217
62219
62212
62213
62214
62218
62209
62210
62211
62208
62224
61958
61952
61952
62730
62731
61952
61952
61952
61952
61952
61952
61952
62222
64007
62221
61468
64006
61957
61716
62979
61720
62977
62978
61719
62976
61721
61717
61718
61722
61708
61709
61723
61724
61712
62225
61725
61952
61952
61952
61952
61952
61952
61952
61952
#keymap 73:
128
61952
61952
63521
63552
63523
63524
63525
63582
63526
63530
63528
63529
63583
63531
63615
63497
63569
63575
63557
63570
63572
63577
63573
63561
63567
63568
63611
63613
61953
63234
63553
63571
63556
63558
63559
63560
63562
63563
63564
63546
63522
63614
63232
63612
63578
63576
63555
63574
63554
63566
63565
63548
63550
63551
63232
62220
63235
63520
61959
61952
61952
61952
61952
61952
61952
61952
61952
61952
61952
61960
61952
62215
62216
62217
62219
62212
62213
62214
62218
62209
62210
62211
62208
62224
61958
61952
61952
61952
61952
61952
61952
61952
61952
61952
61952
61952
62222
64007
62221
61468
64006
61957
61716
62979
61720
62977
62978
61719
62976
61721
61717
61718
61722
61708
61709
61723
61724
61712
62225
61725
61952
61952
61952
61952
61952
61952
61952
61952
#keymap 74:
0
#keymap 75:
0
#keymap 76:
128
61952
61952
61952
61952
61952
61952
61952
61952
61952
61952
61952
61952
61952
61952
61952
61952
63505
63511
63493
63506
63508
63513
63509
63497
63503
63504
61952
63517
61953
63234
63489
63507
63492
63494
63495
63496
63498
63499
63500
61952
61952
61952
63232
63516
63514
63512
63491
63510
63490
63502
63501
61952
61952
61952
63232
62220
63235
61952
61959
62720
62721
62722
62723
62724
62725
62726
62727
62728
62729
61960
61952
62215
62216
62217
62219
62212
62213
62214
62218
62209
62210
62211
62208
62224
61958
61952
61952
62730
62731
61952
61952
61952
61952
61952
61952
61952
62222
64007
62221
61468
64006
61957
61716
62979
61720
62977
62978
61719
62976
61721
61717
61718
61722
61708
61709
61723
61724
61712
62225
61725
61952
61952
61952
61952
61952
61952
61952
61952
#keymap 77:
128
61952
61952
61952
61952
61952
61952
61952
61952
61952
61952
61952
61952
61952
61952
61952
61952
63505
63511
63493
63506
63508
63513
63509
63497
63503
63504
61952
63517
61953
63234
63489
63507
63492
63494
63495
63496
63498
63499
63500
61952
61952
61952
63232
63516
63514
63512
63491
63510
63490
63502
63501
61952
61952
61952
63232
62220
63235
61952
61959
61952
61952
61952
61952
61952
61952
61952
61952
61952
61952
61960
61952
62215
62216
62217
62219
62212
62213
62214
62218
62209
62210
62211
62208
62224
61958
61952
61952
61952
61952
61952
61952
61952
61952
61952
61952
61952
62222
64007
62221
61468
64006
61957
61716
62979
61720
62977
62978
61719
62976
61721
61717
61718
61722
61708
61709
61723
61724
61712
62225
61725
61952
61952
61952
61952
61952
61952
61952
61952
#keymap 78:
0
#keymap 79:
0
#keymap 80:
0
#keymap 81:
0
#keymap 82:
0
#keymap 83:
0
#keymap 84:
0
#keymap 85:
0
#keymap 86:
0
#keymap 87:
0
#keymap 88:
0
#keymap 89:
0
#keymap 90:
0
#keymap 91:
0
#keymap 92:
0
#keymap 93:
0
#keymap 94:
0
#keymap 95:
0
#keymap 96:
0
#keymap 97:
0
#keymap 98:
0
#keymap 99:
0
#keymap 100:
0
#keymap 101:
0
#keymap 102:
0
#keymap 103:
0
#keymap 104:
0
#keymap 105:
0
#keymap 106:
0
#keymap 107:
0
#keymap 108:
0
#keymap 109:
0
#keymap 110:
0
#keymap 111:
0
#keymap 112:
0
#keymap 113:
0
#keymap 114:
0
#keymap 115:
0
#keymap 116:
0
#keymap 117:
0
#keymap 118:
0
#keymap 119:
0
#keymap 120:
0
#keymap 121:
0
#keymap 122:
0
#keymap 123:
0
#keymap 124:
0
#keymap 125:
0
#keymap 126:
0
#keymap 127:
0
#keymap 128:
128
61952
61467
61489
61490
61491
61492
61493
61494
61495
61496
61497
61488
61485
61501
61567
61449
64458
64451
64469
64459
64453
64462
64455
64475
64477
64474
64456
64479
61953
63234
64454
64473
64471
64449
64464
64466
64463
64460
64452
64470
64476
61479
63232
61532
64465
64478
64467
64461
64457
64468
64472
64450
64448
64419
63232
62220
63235
61472
61959
61696
61697
61698
61699
61700
61701
61702
61703
61704
61705
61960
61952
62215
62216
62217
62219
62212
62213
62214
62218
62209
62210
62211
62208
62224
61958
61952
61952
61706
61707
61952
61952
61952
61952
61952
61952
61952
62222
64007
62221
61468
64006
61957
61716
62979
61720
62977
62978
61719
62976
61721
61717
61718
61722
61708
61709
61723
61724
61712
62225
61725
61952
61952
61952
61952
61952
61952
61952
61952
#keymap 129:
128
61952
61467
61473
61474
61475
61499
61498
61484
61486
61482
61480
61481
61535
61483
61567
61449
64490
64483
64501
64491
64485
64494
64487
64507
64509
64506
64488
64511
61953
63234
64486
64505
64503
64481
64496
64498
64495
64492
64484
64502
64508
61503
63232
61564
64497
64510
64499
64493
64489
64500
64504
64482
64480
64435
63232
62220
63235
61472
61959
61708
61709
61710
61711
61712
61713
61714
61715
61726
61727
61960
61952
62215
62216
62217
62219
62212
62213
62214
62218
62209
62210
62211
62208
62224
61958
61952
61952
61728
61729
61952
61952
61952
61952
61952
61952
61952
62222
64007
62221
61468
64006
61957
61716
62979
61720
62977
62978
61719
62976
61721
61717
61718
61722
61708
61709
61723
61724
61712
62225
61725
61952
61952
61952
61952
61952
61952
61952
61952
#keymap 130:
128
61952
61952
61952
61952
61952
61952
61952
61952
61952
61952
61952
61952
61952
61952
61952
61952
64369
64375
64357
64370
64372
64377
64373
64361
64367
64368
61952
61952
61953
63234
64353
64371
64356
64358
64359
64360
64362
64363
64364
61952
61952
61952
63232
61952
64378
64376
64355
64374
64354
64366
64365
61952
61952
61952
63232
62220
63235
61952
61959
62732
62733
62734
62735
62736
62737
62738
62739
62740
62741
61960
61952
62215
62216
62217
62219
62212
62213
62214
62218
62209
62210
62211
62208
62224
61958
61952
61952
62742
62743
61952
61952
61952
61952
61952
61952
61952
62222
64007
62221
61468
64006
61957
61716
62979
61720
62977
62978
61719
62976
61721
61717
61718
61722
61708
61709
61723
61724
61712
62225
61725
61952
61952
61952
61952
61952
61952
61952
61952
#keymap 131:
0
#keymap 132:
128
61952
61952
61952
61440
61467
61468
61469
61470
61471
61567
61952
61952
61471
61952
61448
61952
61457
61463
61445
61458
61460
61465
61461
61449
61455
61456
61467
61469
61953
63234
61441
61459
61444
61446
61447
61448
61450
61451
61452
61952
61447
61440
63232
61468
61466
61464
61443
61462
61442
61454
61453
61952
61952
61952
63232
62220
63235
61440
61959
61730
61731
61732
61733
61734
61735
61736
61737
61738
61739
61960
61952
62215
62216
62217
62219
62212
62213
62214
62218
62209
62210
62211
62208
62224
61958
61952
61952
61740
61741
61952
61952
61952
61952
61952
61952
61952
62222
64007
62221
61468
64006
61957
61716
62979
61720
62977
62978
61719
62976
61721
61717
61718
61722
61708
61709
61723
61724
61712
62225
61725
61952
61952
61952
61952
61952
61952
61952
61952
#keymap 133:
128
61952
61952
61952
61440
61467
61468
61469
61470
61471
61567
61952
61952
61471
61952
61448
61952
61457
61463
61445
61458
61460
61465
61461
61449
61455
61456
61467
61469
61953
63234
61441
61459
61444
61446
61447
61448
61450
61451
61452
61952
61447
61440
63232
61468
61466
61464
61443
61462
61442
61454
61453
61952
61952
61952
63232
62220
63235
61440
61959
61742
61743
61744
61745
61746
61747
61748
61749
61750
61751
61960
61952
62215
62216
62217
62219
62212
62213
62214
62218
62209
62210
62211
62208
62224
61958
61952
61952
61752
61753
61952
61952
61952
61952
61952
61952
61952
62222
64007
62221
61468
64006
61957
61716
62979
61720
62977
62978
61719
62976
61721
61717
61718
61722
61708
61709
61723
61724
61712
62225
61725
61952
61952
61952
61952
61952
61952
61952
61952
#keymap 134:
0
#keymap 135:
0
#keymap 136:
128
61952
63515
63537
63538
63539
63540
63541
63542
63543
63544
63545
63536
63533
63549
63615
63497
63601
63607
63589
63602
63604
63609
63605
63593
63599
63600
63579
63581
61953
63234
63585
63603
63588
63590
63591
63592
63594
63595
63596
63547
63527
63584
63232
63580
63610
63608
63587
63606
63586
63598
63597
63532
63534
63535
63232
62220
63235
63520
61959
62720
62721
62722
62723
62724
62725
62726
62727
62728
62729
61960
61952
62215
62216
62217
62219
62212
62213
62214
62218
62209
62210
62211
62208
62224
61958
61952
61952
62730
62731
61952
61952
61952
61952
61952
61952
61952
62222
64007
62221
61468
64006
61957
61716
62979
61720
62977
62978
61719
62976
61721
61717
61718
61722
61708
61709
61723
61724
61712
62225
61725
61952
61952
61952
61952
61952
61952
61952
61952
#keymap 137:
128
61952
61952
63521
63552
63523
63524
63525
63582
63526
63530
63528
63529
63583
63531
63615
63497
63569
63575
63557
63570
63572
63577
63573
63561
63567
63568
63611
63613
61953
63234
63553
63571
63556
63558
63559
63560
63562
63563
63564
63546
63522
63614
63232
63612
63578
63576
63555
63574
63554
63566
63565
63548
63550
63551
63232
62220
63235
63520
61959
61952
61952
61952
61952
61952
61952
61952
61952
61952
61952
61960
61952
62215
62216
62217
62219
62212
62213
62214
62218
62209
62210
62211
62208
62224
61958
61952
61952
61952
61952
61952
61952
61952
61952
61952
61952
61952
62222
64007
62221
61468
64006
61957
61716
62979
61720
62977
62978
61719
62976
61721
61717
61718
61722
61708
61709
61723
61724
61712
62225
61725
61952
61952
61952
61952
61952
61952
61952
61952
#keymap 138:
0
#keymap 139:
0
#keymap 140:
128
61952
61952
61952
61952
61952
61952
61952
61952
61952
61952
61952
61952
61952
61952
61952
61952
63505
63511
63493
63506
63508
63513
63509
63497
63503
63504
61952
63517
61953
63234
63489
63507
63492
63494
63495
63496
63498
63499
63500
61952
61952
61952
63232
63516
63514
63512
63491
63510
63490
63502
63501
61952
61952
61952
63232
62220
63235
61952
61959
62720
62721
62722
62723
62724
62725
62726
62727
62728
62729
61960
61952
62215
62216
62217
62219
62212
62213
62214
62218
62209
62210
62211
62208
62224
61958
61952
61952
62730
62731
61952
61952
61952
61952
61952
61952
61952
62222
64007
62221
61468
64006
61957
61716
62979
61720
62977
62978
61719
62976
61721
61717
61718
61722
61708
61709
61723
61724
61712
62225
61725
61952
61952
61952
61952
61952
61952
61952
61952
#keymap 141:
128
61952
61952
61952
61952
61952
61952
61952
61952
61952
61952
61952
61952
61952
61952
61952
61952
63505
63511
63493
63506
63508
63513
63509
63497
63503
63504
61952
63517
61953
63234
63489
63507
63492
63494
63495
63496
63498
63499
63500
61952
61952
61952
63232
63516
63514
63512
63491
63510
63490
63502
63501
61952
61952
61952
63232
62220
63235
61952
61959
61952
61952
61952
61952
61952
61952
61952
61952
61952
61952
61960
61952
62215
62216
62217
62219
62212
62213
62214
62218
62209
62210
62211
62208
62224
61958
61952
61952
61952
61952
61952
61952
61952
61952
61952
61952
61952
62222
64007
62221
61468
64006
61957
61716
62979
61720
62977
62978
61719
62976
61721
61717
61718
61722
61708
61709
61723
61724
61712
62225
61725
61952
61952
61952
61952
61952
61952
61952
61952
#keymap 142:
0
#keymap 143:
0
#keymap 144:
0
#keymap 145:
0
#keymap 146:
0
#keymap 147:
0
#keymap 148:
0
#keymap 149:
0
#keymap 150:
0
#keymap 151:
0
#keymap 152:
0
#keymap 153:
0
#keymap 154:
0
#keymap 155:
0
#keymap 156:
0
#keymap 157:
0
#keymap 158:
0
#keymap 159:
0
#keymap 160:
0
#keymap 161:
0
#keymap 162:
0
#keymap 163:
0
#keymap 164:
0
#keymap 165:
0
#keymap 166:
0
#keymap 167:
0
#keymap 168:
0
#keymap 169:
0
#keymap 170:
0
#keymap 171:
0
#keymap 172:
0
#keymap 173:
0
#keymap 174:
0
#keymap 175:
0
#keymap 176:
0
#keymap 177:
0
#keymap 178:
0
#keymap 179:
0
#keymap 180:
0
#keymap 181:
0
#keymap 182:
0
#keymap 183:
0
#keymap 184:
0
#keymap 185:
0
#keymap 186:
0
#keymap 187:
0
#keymap 188:
0
#keymap 189:
0
#keymap 190:
0
#keymap 191:
0
#keymap 192:
128
61952
61467
61489
61490
61491
61492
61493
61494
61495
61496
61497
61488
61485
61501
61567
61449
64458
64451
64469
64459
64453
64462
64455
64475
64477
64474
64456
64429
61953
63234
64454
64457
64471
64449
64464
64466
64463
64460
64452
64470
64420
61479
63232
61532
64465
64478
64467
64461
64422
64468
64472
64450
64448
64423
63232
62220
63235
61472
61959
61696
61697
61698
61699
61700
61701
61702
61703
61704
61705
61960
61952
62215
62216
62217
62219
62212
62213
62214
62218
62209
62210
62211
62208
62224
61958
61952
61952
61706
61707
61952
61952
61952
61952
61952
61952
61952
62222
64007
62221
61468
64006
61957
61716
62979
61720
62977
62978
61719
62976
61721
61717
61718
61722
61708
61709
61723
61724
61712
62225
61725
61952
61952
61952
61952
61952
61952
61952
61952
#keymap 193:
128
61952
61467
61473
61474
61475
61499
61498
61484
61486
61482
61480
61481
61535
61483
61567
61449
64490
64483
64501
64491
64485
64494
64487
64507
64509
64506
64488
64445
61953
63234
64486
64489
64503
64481
64496
64498
64495
64492
64484
64502
64436
61503
63232
61564
64497
64510
64499
64493
64438
64500
64504
64482
64480
64439
63232
62220
63235
61472
61959
61708
61709
61710
61711
61712
61713
61714
61715
61726
61727
61960
61952
62215
62216
62217
62219
62212
62213
62214
62218
62209
62210
62211
62208
62224
61958
61952
61952
61728
61729
61952
61952
61952
61952
61952
61952
61952
62222
64007
62221
61468
64006
61957
61716
62979
61720
62977
62978
61719
62976
61721
61717
61718
61722
61708
61709
61723
61724
61712
62225
61725
61952
61952
61952
61952
61952
61952
61952
61952
#keymap 194:
128
61952
61952
61952
61952
61952
61952
61952
61952
61952
61952
61952
61952
61952
61952
61952
61952
64369
64375
64357
64370
64372
64377
64373
64361
64367
64368
61952
61952
61953
63234
64353
64371
64356
64358
64359
64360
64362
64363
64364
61952
61952
61952
63232
61952
64378
64376
64355
64374
64354
64366
64365
61952
61952
61952
63232
62220
63235
61952
61959
62732
62733
62734
62735
62736
62737
62738
62739
62740
62741
61960
61952
62215
62216
62217
62219
62212
62213
62214
62218
62209
62210
62211
62208
62224
61958
61952
61952
62742
62743
61952
61952
61952
61952
61952
61952
61952
62222
64007
62221
61468
64006
61957
61716
62979
61720
62977
62978
61719
62976
61721
61717
61718
61722
61708
61709
61723
61724
61712
62225
61725
61952
61952
61952
61952
61952
61952
61952
61952
#keymap 195:
0
#keymap 196:
128
61952
61952
61952
61440
61467
61468
61469
61470
61471
61567
61952
61952
61471
61952
61448
61952
61457
61463
61445
61458
61460
61465
61461
61449
61455
61456
61467
61469
61953
63234
61441
61459
61444
61446
61447
61448
61450
61451
61452
61952
61447
61440
63232
61468
61466
61464
61443
61462
61442
61454
61453
61952
61952
61952
63232
62220
63235
61440
61959
61730
61731
61732
61733
61734
61735
61736
61737
61738
61739
61960
61952
62215
62216
62217
62219
62212
62213
62214
62218
62209
62210
62211
62208
62224
61958
61952
61952
61740
61741
61952
61952
61952
61952
61952
61952
61952
62222
64007
62221
61468
64006
61957
61716
62979
61720
62977
62978
61719
62976
61721
61717
61718
61722
61708
61709
61723
61724
61712
62225
61725
61952
61952
61952
61952
61952
61952
61952
61952
#keymap 197:
128
61952
61952
61952
61440
61467
61468
61469
61470
61471
61567
61952
61952
61471
61952
61448
61952
61457
61463
61445
61458
61460
61465
61461
61449
61455
61456
61467
61469
61953
63234
61441
61459
61444
61446
61447
61448
61450
61451
61452
61952
61447
61440
63232
61468
61466
61464
61443
61462
61442
61454
61453
61952
61952
61952
63232
62220
63235
61440
61959
61742
61743
61744
61745
61746
61747
61748
61749
61750
61751
61960
61952
62215
62216
62217
62219
62212
62213
62214
62218
62209
62210
62211
62208
62224
61958
61952
61952
61752
61753
61952
61952
61952
61952
61952
61952
61952
62222
64007
62221
61468
64006
61957
61716
62979
61720
62977
62978
61719
62976
61721
61717
61718
61722
61708
61709
61723
61724
61712
62225
61725
61952
61952
61952
61952
61952
61952
61952
61952
#keymap 198:
0
#keymap 199:
0
#keymap 200:
128
61952
63515
63537
63538
63539
63540
63541
63542
63543
63544
63545
63536
63533
63549
63615
63497
63601
63607
63589
63602
63604
63609
63605
63593
63599
63600
63579
63581
61953
63234
63585
63603
63588
63590
63591
63592
63594
63595
63596
63547
63527
63584
63232
63580
63610
63608
63587
63606
63586
63598
63597
63532
63534
63535
63232
62220
63235
63520
61959
62720
62721
62722
62723
62724
62725
62726
62727
62728
62729
61960
61952
62215
62216
62217
62219
62212
62213
62214
62218
62209
62210
62211
62208
62224
61958
61952
61952
62730
62731
61952
61952
61952
61952
61952
61952
61952
62222
64007
62221
61468
64006
61957
61716
62979
61720
62977
62978
61719
62976
61721
61717
61718
61722
61708
61709
61723
61724
61712
62225
61725
61952
61952
61952
61952
61952
61952
61952
61952
#keymap 201:
128
61952
61952
63521
63552
63523
63524
63525
63582
63526
63530
63528
63529
63583
63531
63615
63497
63569
63575
63557
63570
63572
63577
63573
63561
63567
63568
63611
63613
61953
63234
63553
63571
63556
63558
63559
63560
63562
63563
63564
63546
63522
63614
63232
63612
63578
63576
63555
63574
63554
63566
63565
63548
63550
63551
63232
62220
63235
63520
61959
61952
61952
61952
61952
61952
61952
61952
61952
61952
61952
61960
61952
62215
62216
62217
62219
62212
62213
62214
62218
62209
62210
62211
62208
62224
61958
61952
61952
61952
61952
61952
61952
61952
61952
61952
61952
61952
62222
64007
62221
61468
64006
61957
61716
62979
61720
62977
62978
61719
62976
61721
61717
61718
61722
61708
61709
61723
61724
61712
62225
61725
61952
61952
61952
61952
61952
61952
61952
61952
#keymap 202:
0
#keymap 203:
0
#keymap 204:
128
61952
61952
61952
61952
61952
61952
61952
61952
61952
61952
61952
61952
61952
61952
61952
61952
63505
63511
63493
63506
63508
63513
63509
63497
63503
63504
61952
63517
61953
63234
63489
63507
63492
63494
63495
63496
63498
63499
63500
61952
61952
61952
63232
63516
63514
63512
63491
63510
63490
63502
63501
61952
61952
61952
63232
62220
63235
61952
61959
62720
62721
62722
62723
62724
62725
62726
62727
62728
62729
61960
61952
62215
62216
62217
62219
62212
62213
62214
62218
62209
62210
62211
62208
62224
61958
61952
61952
62730
62731
61952
61952
61952
61952
61952
61952
61952
62222
64007
62221
61468
64006
61957
61716
62979
61720
62977
62978
61719
62976
61721
61717
61718
61722
61708
61709
61723
61724
61712
62225
61725
61952
61952
61952
61952
61952
61952
61952
61952
#keymap 205:
128
61952
61952
61952
61952
61952
61952
61952
61952
61952
61952
61952
61952
61952
61952
61952
61952
63505
63511
63493
63506
63508
63513
63509
63497
63503
63504
61952
63517
61953
63234
63489
63507
63492
63494
63495
63496
63498
63499
63500
61952
61952
61952
63232
63516
63514
63512
63491
63510
63490
63502
63501
61952
61952
61952
63232
62220
63235
61952
61959
61952
61952
61952
61952
61952
61952
61952
61952
61952
61952
61960
61952
62215
62216
62217
62219
62212
62213
62214
62218
62209
62210
62211
62208
62224
61958
61952
61952
61952
61952
61952
61952
61952
61952
61952
61952
61952
62222
64007
62221
61468
64006
61957
61716
62979
61720
62977
62978
61719
62976
61721
61717
61718
61722
61708
61709
61723
61724
61712
62225
61725
61952
61952
61952
61952
61952
61952
61952
61952
#keymap 206:
0
#keymap 207:
0
#keymap 208:
0
#keymap 209:
0
#keymap 210:
0
#keymap 211:
0
#keymap 212:
0
#keymap 213:
0
#keymap 214:
0
#keymap 215:
0
#keymap 216:
0
#keymap 217:
0
#keymap 218:
0
#keymap 219:
0
#keymap 220:
0
#keymap 221:
0
#keymap 222:
0
#keymap 223:
0
#keymap 224:
0
#keymap 225:
0
#keymap 226:
0
#keymap 227:
0
#keymap 228:
0
#keymap 229:
0
#keymap 230:
0
#keymap 231:
0
#keymap 232:
0
#keymap 233:
0
#keymap 234:
0
#keymap 235:
0
#keymap 236:
0
#keymap 237:
0
#keymap 238:
0
#keymap 239:
0
#keymap 240:
0
#keymap 241:
0
#keymap 242:
0
#keymap 243:
0
#keymap 244:
0
#keymap 245:
0
#keymap 246:
0
#keymap 247:
0
#keymap 248:
0
#keymap 249:
0
#keymap 250:
0
#keymap 251:
0
#keymap 252:
0
#keymap 253:
0
#keymap 254:
0
#keymap 255:
0
#funcbuf
153
27
91
91
65
0
27
91
91
66
0
27
91
91
67
0
27
91
91
68
0
27
91
91
69
0
27
91
49
55
126
0
27
91
49
56
126
0
27
91
49
57
126
0
27
91
50
48
126
0
27
91
50
49
126
0
27
91
50
51
126
0
27
91
50
52
126
0
27
91
50
53
126
0
27
91
50
54
126
0
27
91
50
56
126
0
27
91
50
57
126
0
27
91
51
49
126
0
27
91
51
50
126
0
27
91
51
51
126
0
27
91
51
52
126
0
27
91
49
126
0
27
91
50
126
0
27
91
51
126
0
27
91
52
126
0
27
91
53
126
0
27
91
54
126
0
27
91
77
0
27
91
80
0
#func_table
256
0
5
10
15
20
25
31
37
43
49
55
61
67
73
79
85
91
97
103
109
115
120
125
130
135
140
145
-1
-1
149
-1
-1
-1
-1
-1
-1
-1
-1
-1
-1
-1
-1
-1
-1
-1
-1
-1
-1
-1
-1
-1
-1
-1
-1
-1
-1
-1
-1
-1
-1
-1
-1
-1
-1
-1
-1
-1
-1
-1
-1
-1
-1
-1
-1
-1
-1
-1
-1
-1
-1
-1
-1
-1
-1
-1
-1
-1
-1
-1
-1
-1
-1
-1
-1
-1
-1
-1
-1
-1
-1
-1
-1
-1
-1
-1
-1
-1
-1
-1
-1
-1
-1
-1
-1
-1
-1
-1
-1
-1
-1
-1
-1
-1
-1
-1
-1
-1
-1
-1
-1
-1
-1
-1
-1
-1
-1
-1
-1
-1
-1
-1
-1
-1
-1
-1
-1
-1
-1
-1
-1
-1
-1
-1
-1
-1
-1
-1
-1
-1
-1
-1
-1
-1
-1
-1
-1
-1
-1
-1
-1
-1
-1
-1
-1
-1
-1
-1
-1
-1
-1
-1
-1
-1
-1
-1
-1
-1
-1
-1
-1
-1
-1
-1
-1
-1
-1
-1
-1
-1
-1
-1
-1
-1
-1
-1
-1
-1
-1
-1
-1
-1
-1
-1
-1
-1
-1
-1
-1
-1
-1
-1
-1
-1
-1
-1
-1
-1
-1
-1
-1
-1
-1
-1
-1
-1
-1
-1
-1
-1
-1
-1
-1
-1
-1
-1
-1
-1
-1
-1
-1
-1
-1
-1
-1
-1
-1
#accent_table full size
256
#accent_table_size
68
96 65 192
96 97 224
39 65 193
39 97 225
94 65 194
94 97 226
126 65 195
126 97 227
34 65 196
34 97 228
79 65 197
111 97 229
48 65 197
48 97 229
65 65 197
97 97 229
65 69 198
97 101 230
44 67 199
44 99 231
96 69 200
96 101 232
39 69 201
39 101 233
94 69 202
94 101 234
34 69 203
34 101 235
96 73 204
96 105 236
39 73 205
39 105 237
94 73 206
94 105 238
34 73 207
34 105 239
45 68 208
45 100 240
126 78 209
126 110 241
96 79 210
96 111 242
39 79 211
39 111 243
94 79 212
94 111 244
126 79 213
126 111 245
34 79 214
34 111 246
47 79 216
47 111 248
96 85 217
96 117 249
39 85 218
39 117 250
94 85 219
94 117 251
34 85 220
34 117 252
39 89 221
39 121 253
84 72 222
116 104 254
115 115 223
34 121 255
115 122 223
105 106 255
