# generated by gen_tbl from sources cp850.uni
# cmptbl
0
1
2
3
4
5
6
7
8
9
10
11
12
13
14
15
16
17
18
19
20
21
22
23
24
25
26
27
28
29
30
31
32
33
34
35
36
37
38
39
40
41
42
43
44
45
46
47
48
49
50
51
52
53
54
55
56
57
58
59
60
61
62
63
64
65
66
67
68
69
70
71
72
73
74
75
76
77
78
79
80
81
82
83
84
85
86
87
88
89
90
91
92
93
94
95
96
97
98
99
100
101
102
103
104
105
106
107
108
109
110
111
112
113
114
115
116
117
118
119
120
121
122
123
124
125
126
127
167
220
201
194
196
192
197
199
202
203
200
207
206
204
164
165
169
198
166
212
214
210
219
217
223
182
188
216
131
184
183
225
193
205
211
218
209
177
138
154
159
142
140
157
156
129
139
155
252
253
254
228
234
161
162
160
137
245
239
241
243
130
133
230
231
236
235
233
227
237
195
163
242
240
247
246
244
238
248
132
208
176
170
171
168
224
173
174
175
232
229
251
250
134
172
249
179
191
180
178
213
181
149
222
190
186
187
185
221
189
143
148
141
145
226
158
150
135
215
152
144
136
151
153
147
146
255
128
# uptbl
0
1
2
3
4
5
6
7
8
9
10
11
12
13
14
15
16
17
18
19
20
21
22
23
24
25
26
27
28
29
30
31
32
33
34
35
36
37
38
39
40
41
42
43
44
45
46
47
48
49
50
51
52
53
54
55
56
57
58
59
60
61
62
63
64
65
66
67
68
69
70
71
72
73
74
75
76
77
78
79
80
81
82
83
84
85
86
87
88
89
90
91
92
93
94
95
96
65
66
67
68
69
70
71
72
73
74
75
76
77
78
79
80
81
82
83
84
85
86
87
88
89
90
123
124
125
126
127
128
154
144
182
142
183
143
128
210
211
212
216
215
222
142
143
144
146
146
226
153
227
234
235
152
153
154
157
156
157
158
159
181
214
224
233
165
165
0
0
168
169
170
171
172
173
174
175
176
177
178
179
180
181
182
183
184
185
186
187
188
189
190
191
192
193
194
195
196
197
199
199
200
201
202
203
204
205
206
207
209
209
210
211
212
73
214
215
216
217
218
219
220
221
222
223
224
0
226
227
229
229
0
232
232
233
234
235
237
237
238
239
240
241
242
243
244
245
246
247
248
249
250
251
252
253
254
255
# lowtbl
0
1
2
3
4
5
6
7
8
9
10
11
12
13
14
15
16
17
18
19
20
21
22
23
24
25
26
27
28
29
30
31
32
33
34
35
36
37
38
39
40
41
42
43
44
45
46
47
48
49
50
51
52
53
54
55
56
57
58
59
60
61
62
63
64
97
98
99
100
101
102
103
104
105
106
107
108
109
110
111
112
113
114
115
116
117
118
119
120
121
122
91
92
93
94
95
96
97
98
99
100
101
102
103
104
105
106
107
108
109
110
111
112
113
114
115
116
117
118
119
120
121
122
123
124
125
126
127
135
129
130
131
132
133
134
135
136
137
138
139
140
141
132
134
130
145
145
147
148
149
150
151
152
148
129
155
156
155
158
159
160
161
162
163
164
164
166
167
168
169
170
171
172
173
174
175
176
177
178
179
180
160
131
133
184
185
186
187
188
189
190
191
192
193
194
195
196
197
198
198
200
201
202
203
204
205
206
207
208
208
136
137
138
213
161
140
139
217
218
219
220
221
141
223
162
225
147
149
228
228
230
231
231
163
150
151
236
236
238
239
240
241
242
243
244
245
246
247
248
249
250
251
252
253
254
255
# isalpha
0
0
0
0
0
0
0
0
0
0
0
0
0
0
0
0
0
0
0
0
0
0
0
0
0
0
0
0
0
0
0
0
0
0
0
0
0
0
0
0
0
0
0
0
0
0
0
0
0
0
0
0
0
0
0
0
0
0
0
0
0
0
0
0
0
1
1
1
1
1
1
1
1
1
1
1
1
1
1
1
1
1
1
1
1
1
1
1
1
1
1
0
0
0
0
0
0
1
1
1
1
1
1
1
1
1
1
1
1
1
1
1
1
1
1
1
1
1
1
1
1
1
1
0
0
0
0
0
1
1
1
1
1
1
1
1
1
1
1
1
1
1
1
1
1
1
1
1
1
1
1
1
1
1
1
1
0
1
0
1
1
1
1
1
1
1
1
1
0
0
0
0
0
0
0
0
0
0
0
0
0
1
1
1
0
0
0
0
0
0
0
0
0
0
0
0
0
0
1
1
0
0
0
0
0
0
0
0
1
1
1
1
1
1
1
1
1
0
0
0
0
0
1
0
1
1
1
1
1
1
1
1
1
1
1
1
1
1
0
0
0
0
0
0
0
0
0
0
0
0
0
0
0
0
0
0
# pgtbl
0
0
0
0
0
0
0
0
0
0
0
0
0
0
0
0
0
0
0
0
0
0
0
0
0
0
0
0
0
0
0
0
0
0
0
0
0
0
0
0
0
0
0
0
0
0
0
0
0
0
0
0
0
0
0
0
0
0
0
0
0
0
0
0
0
0
0
0
0
0
0
0
0
0
0
0
0
0
0
0
0
0
0
0
0
0
0
0
0
0
0
0
0
0
0
0
0
0
0
0
0
0
0
0
0
0
0
0
0
0
0
0
0
0
0
0
0
0
0
0
0
0
0
0
0
0
0
0
0
0
0
0
0
0
0
0
0
0
0
0
0
0
0
0
0
0
0
0
0
0
0
0
0
0
0
0
0
0
0
0
0
0
0
0
0
0
0
0
0
0
0
0
0
0
0
0
25
25
25
32
27
0
0
0
0
38
43
42
36
0
0
31
17
29
26
28
13
15
0
0
35
41
40
37
39
33
34
0
0
0
0
0
0
0
0
0
0
18
30
25
25
0
0
25
0
0
0
0
0
0
0
0
0
0
0
0
0
0
0
0
0
0
0
0
0
0
0
0
0
0
0
0
0
0
25
0
