# generated by gen_tbl from sources cp852.uni
# cmptbl
0
1
2
3
4
5
6
7
8
9
10
11
12
13
14
15
16
17
18
19
20
21
22
23
24
25
26
27
28
29
30
31
32
33
34
35
36
37
38
39
40
41
42
43
44
45
46
47
48
49
50
51
52
53
54
55
56
57
58
59
60
61
62
63
64
65
66
67
68
69
70
71
72
73
74
75
76
77
78
79
80
81
82
83
84
85
86
87
88
89
90
91
92
93
94
95
96
97
98
99
100
101
102
103
104
105
106
107
108
109
110
111
112
113
114
115
116
117
118
119
120
121
122
123
124
125
126
127
142
168
159
156
157
213
175
158
191
160
196
197
162
216
141
174
143
186
187
164
165
188
189
202
203
149
152
210
211
190
150
177
155
161
163
167
172
173
220
221
182
183
133
217
176
205
132
138
252
253
254
228
234
139
140
184
204
245
239
241
243
218
219
230
231
236
235
233
227
237
170
171
242
240
247
246
244
238
248
129
181
180
178
144
179
194
145
146
185
232
229
251
250
208
212
249
147
154
148
192
193
195
206
207
198
151
199
214
169
153
209
136
134
226
225
222
223
130
166
137
135
131
224
215
200
201
255
128
# uptbl
0
1
2
3
4
5
6
7
8
9
10
11
12
13
14
15
16
17
18
19
20
21
22
23
24
25
26
27
28
29
30
31
32
33
34
35
36
37
38
39
40
41
42
43
44
45
46
47
48
49
50
51
52
53
54
55
56
57
58
59
60
61
62
63
64
65
66
67
68
69
70
71
72
73
74
75
76
77
78
79
80
81
82
83
84
85
86
87
88
89
90
91
92
93
94
95
96
65
66
67
68
69
70
71
72
73
74
75
76
77
78
79
80
81
82
83
84
85
86
87
88
89
90
123
124
125
126
127
128
154
144
182
142
222
143
128
157
211
138
138
215
141
142
143
144
145
145
226
153
149
149
151
151
153
154
155
155
157
158
172
181
214
224
233
164
164
166
166
168
168
170
141
172
184
174
175
176
177
178
179
180
181
182
183
184
185
186
187
188
189
189
191
192
193
194
195
196
197
198
198
200
201
202
203
204
205
206
207
209
209
210
211
210
213
214
215
183
217
218
219
220
221
222
223
224
0
226
227
227
213
230
230
232
233
232
235
237
237
221
239
240
241
242
243
244
245
246
247
248
249
250
235
252
252
254
255
# lowtbl
0
1
2
3
4
5
6
7
8
9
10
11
12
13
14
15
16
17
18
19
20
21
22
23
24
25
26
27
28
29
30
31
32
33
34
35
36
37
38
39
40
41
42
43
44
45
46
47
48
49
50
51
52
53
54
55
56
57
58
59
60
61
62
63
64
97
98
99
100
101
102
103
104
105
106
107
108
109
110
111
112
113
114
115
116
117
118
119
120
121
122
91
92
93
94
95
96
97
98
99
100
101
102
103
104
105
106
107
108
109
110
111
112
113
114
115
116
117
118
119
120
121
122
123
124
125
126
127
135
129
130
131
132
133
134
135
136
137
139
139
140
171
132
134
130
146
146
147
148
150
150
152
152
148
129
156
156
136
158
159
160
161
162
163
165
165
167
167
169
169
170
171
159
173
174
175
176
177
178
179
180
160
131
216
173
185
186
187
188
190
190
191
192
193
194
195
196
197
199
199
200
201
202
203
204
205
206
207
208
208
212
137
212
229
161
140
216
217
218
219
220
238
133
223
162
225
147
228
228
229
231
231
234
163
234
251
236
236
238
239
240
241
242
243
244
245
246
247
248
249
250
251
253
253
254
255
# isalpha
0
0
0
0
0
0
0
0
0
0
0
0
0
0
0
0
0
0
0
0
0
0
0
0
0
0
0
0
0
0
0
0
0
0
0
0
0
0
0
0
0
0
0
0
0
0
0
0
0
0
0
0
0
0
0
0
0
0
0
0
0
0
0
0
0
1
1
1
1
1
1
1
1
1
1
1
1
1
1
1
1
1
1
1
1
1
1
1
1
1
1
0
0
0
0
0
0
1
1
1
1
1
1
1
1
1
1
1
1
1
1
1
1
1
1
1
1
1
1
1
1
1
1
0
0
0
0
0
1
1
1
1
1
1
1
1
1
1
1
1
1
1
1
1
1
1
1
1
1
1
1
1
1
1
1
1
1
1
0
1
1
1
1
1
1
1
1
1
1
1
0
1
1
1
0
0
0
0
0
0
0
1
1
1
1
0
0
0
0
1
1
0
0
0
0
0
0
0
1
1
0
0
0
0
0
0
0
0
1
1
1
1
1
1
1
1
1
0
0
0
0
1
1
0
1
1
1
1
1
1
1
1
1
1
1
1
1
1
1
0
0
0
0
0
0
0
0
0
0
0
0
1
1
1
0
0
# pgtbl
0
0
0
0
0
0
0
0
0
0
0
0
0
0
0
0
0
0
0
0
0
0
0
0
0
0
0
0
0
0
0
0
0
0
0
0
0
0
0
0
0
0
0
0
0
0
0
0
0
0
0
0
0
0
0
0
0
0
0
0
0
0
0
0
0
0
0
0
0
0
0
0
0
0
0
0
0
0
0
0
0
0
0
0
0
0
0
0
0
0
0
0
0
0
0
0
0
0
0
0
0
0
0
0
0
0
0
0
0
0
0
0
0
0
0
0
0
0
0
0
0
0
0
0
0
0
0
0
0
0
0
0
0
0
0
0
0
0
0
0
0
0
0
0
0
0
0
0
0
0
0
0
0
0
0
0
0
0
0
0
0
0
0
0
0
0
0
0
0
0
0
0
0
0
0
0
25
25
25
32
27
0
0
0
0
38
43
42
36
0
0
31
17
29
26
28
13
15
0
0
35
41
40
37
39
33
34
0
0
0
0
0
0
0
0
0
0
18
30
25
25
0
0
25
0
0
0
0
0
0
0
0
0
0
0
0
0
0
0
0
0
0
0
0
0
0
0
0
0
0
0
0
0
0
25
0
# multibyte
0
