# generated by gen_tbl from sources ruscii.uni
# cmptbl
0
245
246
252
241
251
250
175
243
242
244
249
248
253
254
247
238
240
183
176
88
82
236
184
179
181
180
178
186
182
237
239
1
2
83
3
4
5
6
7
8
9
10
11
90
85
12
13
14
15
16
17
18
19
20
21
22
23
24
25
26
27
28
29
30
91
31
32
33
92
34
35
36
93
37
177
38
39
40
94
41
42
86
43
44
96
45
46
47
97
48
49
50
51
52
53
54
98
55
56
57
58
59
60
61
62
63
64
65
66
67
99
68
69
70
71
72
73
74
75
95
100
76
77
81
78
79
187
105
106
107
108
109
110
111
112
113
114
115
116
117
118
119
120
121
122
123
124
125
126
127
128
129
130
131
132
133
134
135
136
137
138
139
140
141
142
143
144
145
146
147
148
149
150
151
152
233
234
235
189
195
216
217
205
204
218
200
206
212
211
210
191
192
197
196
194
188
198
213
214
209
203
224
221
215
199
227
222
223
219
220
208
207
201
202
226
225
193
190
230
229
231
232
228
153
154
155
156
157
158
159
160
161
162
163
164
165
166
167
168
101
169
173
174
102
170
103
171
104
172
89
185
84
87
255
80
# uptbl
0
1
2
3
4
5
6
7
8
9
10
11
12
13
14
15
16
17
18
19
20
21
22
23
24
25
26
27
28
29
30
31
32
33
34
35
36
37
38
39
40
41
42
43
44
45
46
47
48
49
50
51
52
53
54
55
56
57
58
59
60
61
62
63
64
65
66
67
68
69
70
71
72
73
74
75
76
77
78
79
80
81
82
83
84
85
86
87
88
89
90
91
92
93
94
95
96
65
66
99
68
101
70
71
72
105
74
107
76
77
78
79
80
81
114
83
84
117
86
87
120
89
90
123
124
125
126
127
128
129
130
131
132
133
134
135
136
137
138
139
140
141
142
143
144
145
146
147
148
149
150
151
152
153
154
155
156
157
158
159
128
129
130
131
132
133
134
135
136
137
138
139
140
141
142
143
176
177
178
179
180
181
182
183
184
185
186
187
188
189
190
191
192
193
194
195
196
197
198
199
200
201
202
203
204
205
206
207
208
209
210
211
212
213
214
215
216
217
218
219
220
221
222
223
144
145
146
147
148
149
150
151
152
153
154
155
156
157
158
159
240
240
242
242
244
244
246
246
248
248
250
251
252
253
254
255
# lowtbl
0
1
2
3
4
5
6
7
8
9
10
11
12
13
14
15
16
17
18
19
20
21
22
23
24
25
26
27
28
29
30
31
32
33
34
35
36
37
38
39
40
41
42
43
44
45
46
47
48
49
50
51
52
53
54
55
56
57
58
59
60
61
62
63
64
97
98
67
100
69
102
103
104
73
106
0
108
109
110
111
112
113
82
115
116
85
118
119
88
121
122
91
92
93
94
95
96
97
98
99
100
101
102
103
104
105
106
107
108
109
110
111
112
113
114
115
116
117
118
119
120
121
122
123
124
125
126
127
160
161
162
163
164
165
166
167
168
169
170
171
172
173
174
175
224
225
226
227
228
229
230
231
232
233
234
235
236
237
238
239
160
161
162
163
164
165
166
167
168
169
170
171
172
173
174
175
176
177
178
179
180
181
182
183
184
185
186
187
188
189
190
191
192
193
194
195
196
197
198
199
200
201
202
203
204
205
206
207
208
209
210
211
212
213
214
215
216
217
218
219
220
221
222
223
224
225
226
227
228
229
230
231
232
233
234
235
236
237
238
239
241
241
243
243
245
245
247
247
249
249
250
251
252
253
254
255
# isalpha
0
0
0
0
0
0
0
0
0
0
0
0
0
0
0
0
0
0
0
0
0
0
0
0
0
0
0
0
0
0
0
0
0
0
0
0
0
0
0
0
0
0
0
0
0
0
0
0
0
0
0
0
0
0
0
0
0
0
0
0
0
0
0
0
0
1
1
0
1
1
1
1
1
1
1
1
1
1
1
1
1
1
0
1
1
1
1
1
1
1
1
0
0
0
0
0
0
1
1
1
1
1
1
1
1
1
1
1
1
1
1
1
1
1
1
1
1
1
1
1
0
1
1
0
0
0
0
0
1
1
1
1
1
1
1
1
1
1
1
1
1
1
1
1
1
1
1
1
1
1
1
1
1
1
1
1
1
1
1
1
1
1
1
1
1
1
1
1
1
1
1
1
1
1
1
1
0
0
0
0
0
0
0
0
0
0
0
0
0
0
0
0
0
0
0
0
0
0
0
0
0
0
0
0
0
0
0
0
0
0
0
0
0
0
0
0
0
0
0
0
0
0
0
0
1
1
1
1
1
1
1
1
1
1
1
1
1
1
1
1
1
1
1
1
1
1
1
1
1
1
0
0
0
0
0
0
# pgtbl
0
0
0
0
10
0
0
0
0
0
0
0
0
0
0
0
4
3
0
0
0
0
25
0
0
0
0
0
0
0
5
2
0
0
0
0
0
0
0
0
0
0
0
0
0
0
0
0
0
0
0
0
0
0
0
0
0
0
0
0
0
0
0
0
0
0
0
0
0
0
0
0
0
0
0
0
0
0
0
0
0
0
0
0
0
0
0
0
0
0
0
0
0
0
0
0
0
0
0
0
0
0
0
0
0
0
0
0
0
0
0
0
0
0
0
0
0
0
0
0
0
0
0
0
0
0
0
0
0
0
0
0
0
0
0
0
0
0
0
0
0
0
0
0
0
0
0
0
0
0
0
0
0
0
0
0
0
0
0
0
0
0
0
0
0
0
0
0
0
0
0
0
0
0
0
0
25
25
25
32
27
27
27
31
31
38
43
42
36
18
18
31
17
29
26
28
13
15
28
28
35
41
40
37
39
33
34
29
29
26
26
17
17
30
30
15
15
18
30
25
25
25
25
25
0
0
0
0
0
0
0
0
0
0
0
0
0
0
0
0
0
0
0
0
0
0
0
0
0
0
0
0
0
0
0
0
# multibyte
0
